26624
26625
26626
26627
26628
26629
26630
26631
26634
26635
26636
26637
26650
26651
26652
26656
26657
28738
28739
28754
22709
26817
26818
26820
26821
23245
26856
26857
26858
26863
26864
26865
26866
26867
26868
26869
26892
26893
26894
26895
29003
29010
29012
29013
29014
29016
29017
29018
29019
29020
29021
29022
20826
20844
22899
29052
29053
29054
29055
29056
29057
29058
29059
29060
29061
29062
29063
29064
29065
29066
29067
29068
29069
29070
29071
29072
29073
29074
29075
29076
29077
29078
29079
29080
29081
29082
29083
29084
29085
29086
29087
29088
29089
29090
29091
29092
29093
29094
29095
29096
29097
29098
29099
20899
29101
29102
29100
29104
29105
29106
29107
29108
29109
29103
32662
29110
29111
29112
29113
29114
29115
29116
29117
29118
29122
29123
29124
29125
29126
29127
29128
29129
29130
29131
29132
29133
29134
29135
29136
29137
29139
29140
29141
29142
29143
29144
29145
29146
28588
32659
29149
29150
29151
28589
29152
29153
29154
29156
23012
29157
29158
29159
29160
29161
29162
29163
29164
29165
29166
29167
29168
29169
29170
29171
29172
29173
29174
29175
29176
29177
29178
29179
29180
29181
29183
29184
29185
29186
29187
29188
29189
29190
29191
29192
29193
29194
29195
29196
29197
29198
29199
29200
29201
29202
29203
29204
29205
29206
29207
29208
29209
29210
29211
29212
29213
29214
29215
29216
32666
35364
29220
29221
35367
29222
29223
29224
29225
29226
29227
29228
29229
35376
29230
35378
35379
32667
29231
29232
29233
32665
29234
25146
29235
29236
29237
29238
29239
35392
35393
35394
35395
29243
29244
29245
29246
29247
29248
29249
25163
29251
29252
29253
29254
29255
29256
29257
29258
29259
29260
29261
29263
29272
29273
29274
29275
29276
29277
29269
29278
29279
29280
29281
29282
29284
29285
29283
29286
29287
29288
29289
25198
25199
25200
25203
25209
25210
25211
25212
27277
29328
29329
29330
29331
23189
25241
25242
29352
29353
25261
25262
25263
25272
25273
25274
25275
25276
35531
25293
21198
35534
25295
25297
25298
25296
25300
25301
25302
25303
25310
25311
25312
25313
25314
21219
25316
25317
25318
25315
25319
25320
25321
25322
25323
25328
25329
25331
25332
25333
25334
31513
31535
31540
31541
31545
29500
29501
23369
29619
29620
29621
29622
29623
29624
29631
29632
29633
29634
29635
29636
29637
29638
29639
29641
29643
23505
29650
29651
29652
29653
29654
35798
23506
23521
23522
35813
33771
29684
29685
21494
29687
29688
29689
29690
29691
21495
27664
27665
27666
33814
20972
23011
33855
33856
23014
27746
27747
27748
27749
29805
29806
29822
20989
27780
27781
27782
27785
23700
23729
25071
23036
23740
23741
25072
23038
23039
23774
23778
23787
23795
23797
23800
29155
27931
27932
27933
27934
27935
27936
27937
27938
27939
27940
27941
27942
27970
27971
27974
27975
27977
27978
27979
27981
27982
27984
27985
27989
27990
27991
27992
27993
23903
23933
23937
23938
23939
23940
29182
28090
28093
28099
28102
28103
28104
28109
28112
28113
28114
28116
28117
28118
28119
28122
28140
28142
28143
28144
28145
28146
28147
28149
28150
28153
28156
28157
28158
28165
28166
28167
28168
24074
24075
28170
28173
28174
28175
28172
28177
28178
28179
28180
28182
28183
28184
28188
28189
28190
28194
28195
28196
28197
28198
28199
28200
28202
28203
28204
28205
28206
28207
28208
28209
28212
28213
28214
28215
28216
28218
28220
28223
28224
28226
28228
28229
28230
28232
28233
28234
28260
26233
28282
28283
26236
26237
28286
26239
26240
24193
24194
32386
28288
28284
28285
32393
22157
22159
28309
28310
28312
28313
28314
28317
28318
28319
28320
28322
28323
28324
29240
28330
28332
28334
29241
29242
22214
22216
29250
22297
29262
24353
24354
29264
26408
29265
26411
26412
29266
26417
29267
26420
29268
26433
26434
29270
26438
26439
29271
34655
34657
22369
28538
28539
28540
28542
28543
28544
28546
28547
28548
28549
28550
28552
28553
28554
28555
28556
28557
28558
28559
28560
28562
28563
28564
28565
28566
28567
28568
28569
28570
32664
28572
28573
24478
28574
28575
28576
28577
28578
28579
28580
32670
32680
32681
24490
24491
26539
24493
28590
24495
28592
28587
28594
28595
28596
28597
28598
28599
28593
28606
28607
28608
28609
28610
28612
28613
28614
20424
28616
28617
28618
28619
20429
28620
28622
28624
28623
28626
28627
28629
28630
28632
28633
28634
28636
28637
28638
28639
35407
26613
26615
26616
26617
26618
26619
26620
26621
26622
26623
